# Paste from ASX 02909601 Appendix 1 — Agostinho Aircore collars (SIRGAS 2000 / UTM 23S)
Agostinho AC AGOAC0001 335,776 7,576,398 1,313 22.0 -90 360
Agostinho AC AGOAC0002 335,778 7,576,500 1,308 17.4 -90 360
Agostinho AC AGOAC0003 335,759 7,576,596 1,309 19.0 -90 360
Agostinho AC AGOAC0004 335,679 7,576,707 1,307 19.0 -90 360
Agostinho AC AGOAC0005 335,677 7,576,603 1,311 22.6 -90 360
Agostinho AC AGOAC0006 335,676 7,576,502 1,316 18.3 -90 360
Agostinho AC AGOAC0007 335,669 7,576,406 1,320 15.0 -90 360
Agostinho AC AGOAC0008 335,584 7,576,408 1,315 19.0 -90 360
Agostinho AC AGOAC0009 335,574 7,576,503 1,312 19.0 -90 360
Agostinho AC AGOAC0010 335,459 7,576,523 1,289 25.0 -90 360
Agostinho AC AGOAC0011 335,477 7,576,595 1,290 13.0 -90 360
Agostinho AC AGOAC0012 335,476 7,576,699 1,286 17.0 -90 360
Agostinho AC AGOAC0013 335,575 7,576,705 1,297 27.0 -90 360
Agostinho AC AGOAC0014 335,574 7,576,601 1,305 22.0 -90 360
Agostinho AC AGOAC0015 335,674 7,576,300 1,323 36.5 -90 360
Agostinho AC AGOAC0016 335,064 7,576,499 1,290 37.5 -90 360
Agostinho AC AGOAC0017 334,956 7,576,401 1,279 37.0 -90 360
Agostinho AC AGOAC0018 334,976 7,576,504 1,281 28.0 -90 360
Agostinho AC AGOAC0019 334,978 7,576,695 1,274 24.0 -90 360
Agostinho AC AGOAC0020 335,174 7,576,702 1,289 28.0 -90 360
Agostinho AC AGOAC0021 335,345 7,576,691 1,279 13.0 -90 360
Agostinho AC AGOAC0022 335,361 7,576,593 1,286 14.0 -90 360
Agostinho AC AGOAC0023 335,193 7,576,497 1,305 45.6 -90 360
Agostinho AC AGOAC0024 335,275 7,576,394 1,315 25.0 -90 360
Agostinho AC AGOAC0025 334,828 7,576,306 1,279 23.0 -90 360
Agostinho AC AGOAC0026 334,825 7,576,497 1,277 15.0 -90 360
Agostinho AC AGOAC0027 334,966 7,576,300 1,280 35.0 -90 360
Agostinho AC AGOAC0028 335,090 7,576,300 1,301 34.0 -90 360
Agostinho AC AGOAC0029 335,272 7,576,297 1,317 37.0 -90 360
Agostinho AC AGOAC0030 335,184 7,576,290 1,306 31.2 -90 360
Agostinho AC AGOAC0031 335,077 7,576,201 1,288 31.0 -90 360
Agostinho AC AGOAC0032 334,960 7,576,116 1,282 16.0 -90 360
Agostinho AC AGOAC0033 334,823 7,576,111 1,281 26.0 -90 360
Agostinho AC AGOAC0034 335,098 7,576,123 1,283 50.0 -90 360
Agostinho AC AGOAC0035 335,176 7,576,117 1,291 46.0 -90 360
Agostinho AC AGOAC0036 335,267 7,576,102 1,296 37.0 -90 360
Agostinho AC AGOAC0037 335,276 7,576,198 1,309 34.0 -90 360
Agostinho AC AGOAC0038 335,180 7,576,209 1,306 31.0 -90 360
Agostinho AC AGOAC0039 335,477 7,576,196 1,321 34.0 -90 360
Agostinho AC AGOAC0040 335,382 7,576,199 1,319 50.0 -90 360
Agostinho AC AGOAC0041 335,379 7,576,099 1,305 36.0 -90 360
Agostinho AC AGOAC0042 335,470 7,576,102 1,314 31.0 -90 360
Agostinho AC AGOAC0043 335,582 7,576,106 1,321 35.2 -90 360
Agostinho AC AGOAC0044 335,676 7,576,003 1,320 37.8 -90 360
Agostinho AC AGOAC0045 335,776 7,576,004 1,331 33.0 -90 360
Agostinho AC AGOAC0046 335,862 7,575,907 1,338 38.0 -90 360
Agostinho AC AGOAC0047 335,678 7,575,901 1,321 44.0 -90 360
Agostinho AC AGOAC0048 335,474 7,575,900 1,302 25.0 -90 360
Agostinho AC AGOAC0049 335,277 7,575,903 1,293 22.0 -90 360
Agostinho AC AGOAC0050 336,673 7,576,303 1,260 19.0 -90 360
Agostinho AC AGOAC0051 336,797 7,576,295 1,256 22.0 -90 360
Agostinho AC AGOAC0052 336,767 7,576,097 1,258 32.0 -90 360
Agostinho AC AGOAC0053 336,783 7,575,907 1,256 16.0 -90 360
Agostinho AC AGOAC0054 336,769 7,575,697 1,258 25.5 -90 360
Agostinho AC AGOAC0055 336,779 7,575,517 1,256 11.0 -90 360
Agostinho AC AGOAC0056 336,605 7,575,507 1,260 16.1 -90 360
Agostinho AC AGOAC0057 336,544 7,575,662 1,270 50.0 -90 360
Agostinho AC AGOAC0058 336,272 7,575,804 1,300 33.0 -90 360
Agostinho AC AGOAC0059 336,362 7,575,813 1,291 19.4 -90 360
Agostinho AC AGOAC0060 336,376 7,575,895 1,297 27.0 -90 360
Agostinho AC AGOAC0061 336,621 7,575,888 1,270 20.0 -90 360
Agostinho AC AGOAC0062 336,576 7,576,097 1,290 31.0 -90 360
Agostinho AC AGOAC0063 336,575 7,576,206 1,282 31.0 -90 360
Agostinho AC AGOAC0064 336,602 7,576,300 1,270 27.5 -90 360
Agostinho AC AGOAC0065 336,679 7,576,189 1,264 31.7 -90 360
Agostinho AC AGOAC0066 336,672 7,576,089 1,275 18.8 -90 360
Agostinho AC AGOAC0067 336,576 7,575,994 1,286 25.0 -90 360
Agostinho AC AGOAC0068 336,467 7,575,999 1,296 32.0 -90 360
Agostinho AC AGOAC0069 336,474 7,576,099 1,293 50.0 -90 360
Agostinho AC AGOAC0070 336,476 7,576,202 1,283 21.8 -90 360
Agostinho AC AGOAC0071 336,478 7,576,294 1,265 25.0 -90 360
Agostinho AC AGOAC0072 336,445 7,576,266 1,268 20.2 -90 360
Agostinho AC AGOAC0073 336,397 7,576,103 1,285 50.0 -90 360
Agostinho AC AGOAC0074 336,379 7,576,004 1,299 50.0 -90 360
Agostinho AC AGOAC0075 336,276 7,575,906 1,314 22.0 -90 360
Agostinho AC AGOAC0076 336,276 7,575,996 1,302 36.8 -90 360
Agostinho AC AGOAC0077 336,179 7,575,897 1,317 27.4 -90 360
Agostinho AC AGOAC0078 336,189 7,575,809 1,317 50.0 -90 360
Agostinho AC AGOAC0079 336,186 7,575,996 1,300 28.0 -90 360
Agostinho AC AGOAC0080 336,267 7,576,083 1,286 37.8 -90 360
Agostinho AC AGOAC0081 336,487 7,576,391 1,263 17.8 -90 360
Agostinho AC AGOAC0082 336,467 7,576,491 1,276 35.0 -90 360
Agostinho AC AGOAC0083 336,368 7,576,407 1,280 33.2 -90 360
Agostinho AC AGOAC0084 336,570 7,576,503 1,265 24.0 -90 360
Agostinho AC AGOAC0085 336,674 7,576,511 1,257 12.0 -90 360
Agostinho AC AGOAC0086 336,762 7,576,683 1,254 6.0 -90 360
Agostinho AC AGOAC0087 336,571 7,576,618 1,266 30.0 -90 360
Agostinho AC AGOAC0088 336,581 7,576,718 1,263 40.1 -90 360
Agostinho AC AGOAC0089 336,476 7,576,703 1,271 19.2 -90 360
Agostinho AC AGOAC0090 336,479 7,576,602 1,275 43.5 -90 360
Agostinho AC AGOAC0091 336,374 7,576,601 1,289 30.5 -90 360
Agostinho AC AGOAC0092 336,385 7,576,697 1,288 22.0 -90 360
Agostinho AC AGOAC0093 336,275 7,576,597 1,303 16.0 -90 360
Agostinho AC AGOAC0094 336,279 7,576,699 1,303 22.0 -90 360
Agostinho AC AGOAC0095 336,177 7,576,701 1,304 13.0 -90 360
Agostinho AC AGOAC0096 336,175 7,576,602 1,307 28.0 -90 360
Agostinho AC AGOAC0097 336,072 7,576,399 1,313 50.0 -90 360
Agostinho AC AGOAC0098 336,078 7,576,494 1,309 28.0 -90 360
Agostinho AC AGOAC0099 336,077 7,576,602 1,300 20.0 -90 360
Agostinho AC AGOAC0100 336,063 7,576,692 1,288 35.2 -90 360
Agostinho AC AGOAC0101 335,990 7,576,598 1,291 22.8 -90 360
Agostinho AC AGOAC0102 335,977 7,576,505 1,298 17.0 -90 360
Agostinho AC AGOAC0103 335,975 7,576,402 1,306 26.0 -90 360
Agostinho AC AGOAC0104 336,043 7,576,303 1,314 40.0 -90 360
Agostinho AC AGOAC0105 335,974 7,576,202 1,316 37.0 -90 360
Agostinho AC AGOAC0106 336,080 7,576,203 1,310 30.0 -90 360
Agostinho AC AGOAC0107 336,179 7,576,207 1,289 24.2 -90 360
Agostinho AC AGOAC0108 335,966 7,576,098 1,325 28.0 -90 360
Agostinho AC AGOAC0109 336,082 7,576,096 1,304 19.2 -90 360
Agostinho AC AGOAC0110 336,078 7,575,999 1,310 22.0 -90 360
Agostinho AC AGOAC0111 335,978 7,575,990 1,327 23.4 -90 360
Agostinho AC AGOAC0112 335,871 7,576,001 1,336 33.0 -90 360
Agostinho AC AGOAC0113 335,677 7,576,114 1,330 34.4 -90 360
Agostinho AC AGOAC0114 335,676 7,576,206 1,327 50.0 -90 360
Agostinho AC AGOAC0115 335,573 7,576,184 1,322 40.0 -90 360
Agostinho AC AGOAC0116 335,575 7,576,302 1,311 25.0 -90 360
